         20211027155002.0,22.750,45.050,9.141,1
         20211027155008.0,22.750,45.250,9.181,2
         20211027155027.0,22.750,45.500,9.232,3
         20211027155039.0,22.800,45.650,9.289,4
         20211027155057.0,22.850,45.800,9.346,5
         20211027155104.0,22.800,45.850,9.330,6
         20211027155116.0,22.850,45.950,9.377,7
         20211027155122.0,22.850,45.950,9.377,8
         20211027155141.0,22.850,46.150,9.418,9
         20211027155147.0,22.850,46.200,9.428,10
         20211027155153.0,22.850,46.200,9.428,11
         20211027155200.0,22.800,46.250,9.411,12
         20211027155212.0,22.850,46.350,9.459,13
         20211027155326.0,22.850,48.450,9.887,1
         20211027155333.0,22.900,48.750,9.977,2
         20211027155345.0,22.850,49.000,9.999,3
         20211027155357.0,22.850,49.100,10.020,4
         20211027155410.0,22.850,49.150,10.030,5
         20211027155416.0,22.850,49.150,10.030,6
         20211027155422.0,22.850,49.250,10.050,7
         20211027155429.0,22.850,49.250,10.050,8
         20211027155441.0,22.850,49.250,10.050,9
         20211027155447.0,22.900,49.300,10.090,10
         20211027155524.0,22.900,49.450,10.120,11
         20211027155554.0,22.900,49.550,10.141,12
         20211027155727.0,22.900,51.450,10.530,1
         20211027155739.0,22.850,51.800,10.571,2
         20211027155752.0,22.850,51.950,10.601,3
         20211027155810.0,22.900,52.000,10.642,4
         20211027155816.0,22.900,52.000,10.642,5
         20211027155823.0,22.900,52.000,10.642,6
         20211027155841.0,22.850,51.950,10.601,7
         20211027155847.0,22.850,52.000,10.612,8
         20211027155900.0,22.900,52.050,10.652,9
         20211027155906.0,22.900,52.050,10.652,10
         20211027155912.0,22.900,52.000,10.642,11
         20211027155925.0,22.900,52.050,10.652,12
         20211027155931.0,22.900,52.050,10.652,13
         20211027155937.0,22.900,52.050,10.652,14
         20211027160128.0,22.850,54.250,11.071,1
         20211027160135.0,22.850,54.450,11.112,2
         20211027160141.0,22.850,54.550,11.132,3
         20211027160153.0,22.850,54.650,11.152,4
         20211027160200.0,22.850,54.650,11.152,5
         20211027160206.0,22.850,54.650,11.152,6
         20211027160212.0,22.850,54.600,11.142,7
         20211027160218.0,22.850,54.550,11.132,8
         20211027160225.0,22.900,54.600,11.174,9
         20211027160237.0,22.850,54.500,11.122,10
         20211027160244.0,22.850,54.500,11.122,11
         20211027160250.0,22.850,54.500,11.122,12
         20211027160256.0,22.850,54.450,11.112,13
         20211027160302.0,22.850,54.450,11.112,14
         20211027160315.0,22.900,54.500,11.154,15
         20211027160327.0,22.850,54.400,11.101,16
         20211027160339.0,22.850,54.400,11.101,17
         20211027160609.0,22.800,57.100,11.619,1
         20211027160627.0,22.800,57.300,11.660,2
         20211027160634.0,22.800,57.300,11.660,3
         20211027160646.0,22.750,57.200,11.606,4
         20211027160704.0,22.800,57.100,11.619,5
         20211027160711.0,22.800,57.050,11.609,6
         20211027160717.0,22.800,57.050,11.609,7
         20211027160742.0,22.750,57.100,11.586,1
         20211027160748.0,22.750,57.300,11.626,2
         20211027160755.0,22.750,57.400,11.647,3
         20211027160801.0,22.750,57.550,11.677,4
         20211027160813.0,22.800,57.550,11.711,5
         20211027160819.0,22.750,57.500,11.667,6
         20211027160826.0,22.750,57.450,11.657,7
         20211027160856.0,22.800,57.250,11.650,8
         20211027160903.0,22.800,57.250,11.650,9
         20211027160909.0,22.800,57.200,11.639,10
         20211027160915.0,22.750,57.150,11.596,11
         20211027160928.0,22.750,57.050,11.576,12
         20211027161005.0,22.800,57.200,11.639,1
         20211027161011.0,22.750,57.300,11.626,2
         20211027161017.0,22.750,57.350,11.637,3
         20211027161054.0,22.800,57.300,11.660,4
         20211027161100.0,22.850,57.250,11.683,5
         20211027161106.0,22.750,57.150,11.596,6
         20211027161125.0,22.750,57.050,11.576,7
         20211027161150.0,22.750,57.100,11.586,1
         20211027161156.0,22.800,57.200,11.639,2
         20211027161221.0,22.750,57.250,11.616,3
         20211027161411.0,22.750,57.100,11.586,1
         20211027161429.0,22.750,57.550,11.677,2
         20211027161441.0,22.750,57.650,11.698,3
         20211027161500.0,22.750,57.550,11.677,4
         20211027161506.0,22.750,57.500,11.667,5
         20211027161525.0,22.750,57.350,11.637,6
         20211027161537.0,22.750,57.350,11.637,7
         20211027161555.0,22.750,57.200,11.606,8
         20211027161602.0,22.750,57.150,11.596,9
         20211027161608.0,22.750,57.150,11.596,10
         20211027161651.0,22.750,57.350,11.637,1
         20211027161657.0,22.750,57.450,11.657,2
         20211027161704.0,22.750,57.500,11.667,3
         20211027161710.0,22.750,57.550,11.677,4
         20211027161728.0,22.750,57.500,11.667,5
         20211027161735.0,22.750,57.450,11.657,6
         20211027161753.0,22.750,57.300,11.626,7
         20211027161806.0,22.750,57.250,11.616,8
         20211027161812.0,22.750,57.200,11.606,9
         20211027161818.0,22.750,57.150,11.596,10
         20211027161825.0,22.750,57.150,11.596,11
         20211027161855.0,22.750,57.100,11.586,1
         20211027161902.0,22.750,57.200,11.606,2
         20211027161908.0,22.750,57.250,11.616,3
         20211027162058.0,22.750,57.300,11.626,1
         20211027162129.0,22.750,57.800,11.728,2
         20211027162147.0,22.750,57.700,11.708,3
         20211027162154.0,22.750,57.600,11.687,4
         20211027162224.0,22.750,57.400,11.647,5
         20211027162231.0,22.750,57.300,11.626,6
         20211027162301.0,22.750,57.100,11.586,7
         20211027162308.0,22.750,57.050,11.576,8
         20211027162631.0,22.650,60.150,12.135,1
         20211027162656.0,22.650,60.450,12.196,2
         20211027162702.0,22.650,60.400,12.185,3
         20211027162726.0,22.650,60.200,12.145,4
         20211027162739.0,22.650,60.100,12.125,5
         20211027162816.0,22.650,60.050,12.115,1
         20211027162840.0,22.650,60.150,12.135,2
         20211027162936.0,22.650,60.200,12.145,1
         20211027162949.0,22.650,60.250,12.155,2
         20211027163007.0,22.650,60.200,12.145,3
         20211027163013.0,22.650,60.200,12.145,4
         20211027163240.0,22.600,61.250,12.322,1
         20211027163252.0,22.650,61.450,12.397,2
         20211027163259.0,22.650,61.550,12.417,3
         20211027163430.0,22.650,60.700,12.246,4
         20211027163443.0,22.650,60.550,12.216,5
         20211027163513.0,22.650,60.250,12.155,6
         20211027163931.0,22.550,63.150,12.667,1
         20211027163937.0,22.550,63.200,12.677,2
         20211027163944.0,22.550,63.200,12.677,3
         20211027164033.0,22.550,63.100,12.657,1
         20211027164040.0,22.550,63.200,12.677,2
         20211027164052.0,22.550,63.250,12.688,3
         20211027164122.0,22.550,63.000,12.637,4
         20211027164307.0,22.550,63.400,12.718,1
         20211027164313.0,22.550,63.500,12.738,2
         20211027164356.0,22.550,63.250,12.688,3
         20211027164414.0,22.550,63.050,12.647,4
         20211027164516.0,22.550,63.050,12.647,1
         20211027164540.0,22.550,63.000,12.637,2
         20211027164743.0,22.550,63.300,12.698,1
         20211027164808.0,22.550,63.300,12.698,2
         20211027164826.0,22.550,63.150,12.667,3
         20211027165053.0,22.550,63.650,12.768,1
         20211027165117.0,22.500,63.650,12.731,2
         20211027165350.0,22.550,63.450,12.728,1
         20211027165427.0,22.550,63.400,12.718,2
         20211027165439.0,22.550,63.200,12.677,3
         20211027165706.0,22.500,63.650,12.731,1
         20211027165736.0,22.500,63.650,12.731,2
         20211027165957.0,22.500,63.500,12.701,1
         20211027170021.0,22.500,63.750,12.751,2
         20211027170046.0,22.500,63.500,12.701,3
         20211027170052.0,22.500,63.450,12.691,4
         20211027170123.0,22.500,63.150,12.631,5
         20211027170313.0,22.500,63.150,12.631,1
         20211027170356.0,22.550,63.050,12.647,2
         20211027170641.0,22.450,63.300,12.625,1
         20211027171317.0,22.400,64.450,12.817,1
         20211027171400.0,22.450,64.200,12.804,2
         20211027171406.0,22.450,64.150,12.794,3
         20211027171544.0,22.500,63.150,12.631,4
         20211027172143.0,22.400,67.800,13.484,1
         20211027172404.0,22.450,66.450,13.253,2
         20211027173024.0,22.350,69.650,13.812,1
         20211027173030.0,22.350,69.700,13.822,2
         20211027173125.0,22.400,69.200,13.762,3
         20211027173447.0,22.350,69.900,13.861,1
         20211027173453.0,22.350,69.950,13.871,2
         20211027173814.0,22.350,69.200,13.723,1
         20211027174053.0,22.350,69.500,13.782,1
         20211027174059.0,22.350,69.550,13.792,2
         20211027174142.0,22.350,69.050,13.693,3
         20211027174326.0,22.350,69.200,13.723,1
         20211027174351.0,22.350,69.200,13.723,2
         20211027175123.0,22.300,69.500,13.743,1
         20211027175338.0,22.300,69.350,13.713,1
         20211027180044.0,22.250,70.850,13.969,1
         20211027180216.0,22.350,69.750,13.832,2
         20211027180702.0,22.250,69.300,13.664,1
         20211027182555.0,22.250,70.250,13.851,1
         20211027182626.0,22.250,70.100,13.821,2
         20211027185541.0,22.250,71.000,13.999,1
         20211027185713.0,22.300,69.900,13.822,2
         20211027190325.0,22.300,69.650,13.772,1
